TIME: 2022-07-25 18:57:25.304
TP: 15
TN: 15
FP: 0
FN: 11
Precision: 100.0
Recall: 57.692307
FScore: 0.7317073


TIME: 2022-07-25 19:00:52.049
TP: 16
TN: 15
FP: 0
FN: 10
Precision: 100.0
Recall: 61.538464
FScore: 0.76190484


TIME: 2022-07-25 22:53:00.519
TP: 19
TN: 15
FP: 0
FN: 7
Precision: 100.0
Recall: 73.07692
FScore: 0.84444445


